6
54
888
1318
87358
591115
2529117
55589766
548626128
8486569421
39814332295
536388667542
1746675485266
26826166792357
978855999743363
8344857693382318
36681289832857117
325592492925195641
4364185819787719278
66155335768511228744
831477457133515916452
9127213847457823969879
35226741918869986157513
533891561852433294159727
1138511713671831651753724
57396816889866892571564949
566481119587143929676523366
7496642929826382194123488882
22565528818974816426464387874
665818139917574844476782287672
9372869986893346878934683579242
84683279125745113682895691189277
625611382755243278335784591487246
4772953486598445669244614898715169
35237789654999368773511277195685876
554586863589236485279678834491943162
7477756681943812467968356999858575227
67344649533899453919877159579453154297
149126151121976581218851135454835744349
3282167325523143976399925638745752847368
88987296658545462538855262534819788477939
553167917572988838117953569939864947638373
2419116183743172918862576192144252952531512
71867845239887585627244458731745538289589265
993455848281752595925734452375842155548134986
1335148552991243973137343447123156337172969983
15835876997347577717778477145663123699986621345
785459964767922913243831289911478681487731321281
4744363442421566247322749939119371696627836672264
68556955944124529366412655366991735199682763122745
176918412892852351186233214365862249759837782894691
3113926278717626375272861553143121312696455186623918
16491629729823646571728663562549178919871751782428288
944289314398889866619667596485976373993192967641972625
2627799666636618678333644693917148827751122652316829171
41961731986852362276668596666178244925913486582416769388
645139843914272519836956329938789982863261378398279544143
8356823793463394342527566917128851232272485714845986633111
71256465456268715823979515635611433966212797566727782643993
234964359847914548189546779966268354656449817358837588155742
3358472715142729975799257193712126651891112374948485471177338
23976264143865372435958757217489454149242217632754148612312827
742825636756487342645274382263816787948611926449571898996122372
7572227597524851212799683672633377368928567829819778415669732736
53313465731636794287312698694956276281433493143438858995654727322
631673789983926718375611772493644498446225414762469829675814845253
7764876969722878475149822646668335419985934812446827876749374996225
11147373166225461137297836675794597394398917244954443134568715152751
989579262356689769885663848923981835541673911775651984268759125897458
2855863515166727785414436193229314587616889261936445665264376274319849