1
12
123
1234
12345
123456
1234567
12345678
123456789
12345678910
1234567891011
123456789101112
12345678910111213
1234567891011121314
123456789101112131415
12345678910111213141516
1234567891011121314151617
123456789101112131415161718
12345678910111213141516171819
1234567891011121314151617181920
123456789101112131415161718192021
12345678910111213141516171819202122
1234567891011121314151617181920212223
123456789101112131415161718192021222324
12345678910111213141516171819202122232425
1234567891011121314151617181920212223242526
123456789101112131415161718192021222324252627
12345678910111213141516171819202122232425262728
1234567891011121314151617181920212223242526272829
123456789101112131415161718192021222324252627282930
12345678910111213141516171819202122232425262728293031
1234567891011121314151617181920212223242526272829303132
123456789101112131415161718192021222324252627282930313233
12345678910111213141516171819202122232425262728293031323334
1234567891011121314151617181920212223242526272829303132333435
123456789101112131415161718192021222324252627282930313233343536
12345678910111213141516171819202122232425262728293031323334353637
1234567891011121314151617181920212223242526272829303132333435363738
123456789101112131415161718192021222324252627282930313233343536373839
12345678910111213141516171819202122232425262728293031323334353637383940
1234567891011121314151617181920212223242526272829303132333435363738394041
123456789101112131415161718192021222324252627282930313233343536373839404142
12345678910111213141516171819202122232425262728293031323334353637383940414243
1234567891011121314151617181920212223242526272829303132333435363738394041424344
123456789101112131415161718192021222324252627282930313233343536373839404142434445
12345678910111213141516171819202122232425262728293031323334353637383940414243444546
1234567891011121314151617181920212223242526272829303132333435363738394041424344454647
123456789101112131415161718192021222324252627282930313233343536373839404142434445464748
12345678910111213141516171819202122232425262728293031323334353637383940414243444546474849
1234567891011121314151617181920212223242526272829303132333435363738394041424344454647484950
123456789101112131415161718192021222324252627282930313233343536373839404142434445464748495051
12345678910111213141516171819202122232425262728293031323334353637383940414243444546474849505152
1234567891011121314151617181920212223242526272829303132333435363738394041424344454647484950515253
123456789101112131415161718192021222324252627282930313233343536373839404142434445464748495051525354
12345678910111213141516171819202122232425262728293031323334353637383940414243444546474849505152535455
1234567891011121314151617181920212223242526272829303132333435363738394041424344454647484950515253545556
123456789101112131415161718192021222324252627282930313233343536373839404142434445464748495051525354555657
12345678910111213141516171819202122232425262728293031323334353637383940414243444546474849505152535455565758
1234567891011121314151617181920212223242526272829303132333435363738394041424344454647484950515253545556575859
123456789101112131415161718192021222324252627282930313233343536373839404142434445464748495051525354555657585960
12345678910111213141516171819202122232425262728293031323334353637383940414243444546474849505152535455565758596061
1234567891011121314151617181920212223242526272829303132333435363738394041424344454647484950515253545556575859606162
123456789101112131415161718192021222324252627282930313233343536373839404142434445464748495051525354555657585960616263
12345678910111213141516171819202122232425262728293031323334353637383940414243444546474849505152535455565758596061626364
1234567891011121314151617181920212223242526272829303132333435363738394041424344454647484950515253545556575859606162636465
123456789101112131415161718192021222324252627282930313233343536373839404142434445464748495051525354555657585960616263646566
12345678910111213141516171819202122232425262728293031323334353637383940414243444546474849505152535455565758596061626364656667
1234567891011121314151617181920212223242526272829303132333435363738394041424344454647484950515253545556575859606162636465666768
123456789101112131415161718192021222324252627282930313233343536373839404142434445464748495051525354555657585960616263646566676869
12345678910111213141516171819202122232425262728293031323334353637383940414243444546474849505152535455565758596061626364656667686970
1234567891011121314151617181920212223242526272829303132333435363738394041424344454647484950515253545556575859606162636465666768697071
123456789101112131415161718192021222324252627282930313233343536373839404142434445464748495051525354555657585960616263646566676869707172
12345678910111213141516171819202122232425262728293031323334353637383940414243444546474849505152535455565758596061626364656667686970717273
1234567891011121314151617181920212223242526272829303132333435363738394041424344454647484950515253545556575859606162636465666768697071727374
123456789101112131415161718192021222324252627282930313233343536373839404142434445464748495051525354555657585960616263646566676869707172737475
12345678910111213141516171819202122232425262728293031323334353637383940414243444546474849505152535455565758596061626364656667686970717273747576
1234567891011121314151617181920212223242526272829303132333435363738394041424344454647484950515253545556575859606162636465666768697071727374757677
123456789101112131415161718192021222324252627282930313233343536373839404142434445464748495051525354555657585960616263646566676869707172737475767778
12345678910111213141516171819202122232425262728293031323334353637383940414243444546474849505152535455565758596061626364656667686970717273747576777879
1234567891011121314151617181920212223242526272829303132333435363738394041424344454647484950515253545556575859606162636465666768697071727374757677787980
123456789101112131415161718192021222324252627282930313233343536373839404142434445464748495051525354555657585960616263646566676869707172737475767778798081
12345678910111213141516171819202122232425262728293031323334353637383940414243444546474849505152535455565758596061626364656667686970717273747576777879808182
1234567891011121314151617181920212223242526272829303132333435363738394041424344454647484950515253545556575859606162636465666768697071727374757677787980818283
123456789101112131415161718192021222324252627282930313233343536373839404142434445464748495051525354555657585960616263646566676869707172737475767778798081828384
12345678910111213141516171819202122232425262728293031323334353637383940414243444546474849505152535455565758596061626364656667686970717273747576777879808182838485
1234567891011121314151617181920212223242526272829303132333435363738394041424344454647484950515253545556575859606162636465666768697071727374757677787980818283848586
123456789101112131415161718192021222324252627282930313233343536373839404142434445464748495051525354555657585960616263646566676869707172737475767778798081828384858687
12345678910111213141516171819202122232425262728293031323334353637383940414243444546474849505152535455565758596061626364656667686970717273747576777879808182838485868788
1234567891011121314151617181920212223242526272829303132333435363738394041424344454647484950515253545556575859606162636465666768697071727374757677787980818283848586878889
123456789101112131415161718192021222324252627282930313233343536373839404142434445464748495051525354555657585960616263646566676869707172737475767778798081828384858687888990
12345678910111213141516171819202122232425262728293031323334353637383940414243444546474849505152535455565758596061626364656667686970717273747576777879808182838485868788899091
1234567891011121314151617181920212223242526272829303132333435363738394041424344454647484950515253545556575859606162636465666768697071727374757677787980818283848586878889909192
123456789101112131415161718192021222324252627282930313233343536373839404142434445464748495051525354555657585960616263646566676869707172737475767778798081828384858687888990919293
12345678910111213141516171819202122232425262728293031323334353637383940414243444546474849505152535455565758596061626364656667686970717273747576777879808182838485868788899091929394
1234567891011121314151617181920212223242526272829303132333435363738394041424344454647484950515253545556575859606162636465666768697071727374757677787980818283848586878889909192939495
123456789101112131415161718192021222324252627282930313233343536373839404142434445464748495051525354555657585960616263646566676869707172737475767778798081828384858687888990919293949596
12345678910111213141516171819202122232425262728293031323334353637383940414243444546474849505152535455565758596061626364656667686970717273747576777879808182838485868788899091929394959697
1234567891011121314151617181920212223242526272829303132333435363738394041424344454647484950515253545556575859606162636465666768697071727374757677787980818283848586878889909192939495969798
123456789101112131415161718192021222324252627282930313233343536373839404142434445464748495051525354555657585960616263646566676869707172737475767778798081828384858687888990919293949596979899
123456789101112131415161718192021222324252627282930313233343536373839404142434445464748495051525354555657585960616263646566676869707172737475767778798081828384858687888990919293949596979899100